Precision: 0.36551786510339
Recall: 0.28178006511389486
F1 Score: 0.23214758041646225
mAP: 0.07468033188831155
